2400_0.out 100000 6.07976e+06 70.3675925925926
2400_50.out 100000 6.60154e+06 76.40671296296297
2400_100.out 100000 7.10225e+06 82.2019675925926
2400_150.out 100000 7.70247e+06 89.14895833333333
2400_200.out 100000 8.35317e+06 96.68020833333333
2400_250.out 100000 9.08301e+06 105.12743055555556
2400_300.out 100000 49466.7 0.5725312499999999
2400_350.out 100000 52962.2 0.6129884259259258
2400_400.out 100000 55825.2 0.646125
2400_450.out 100000 60312.3 0.6980590277777777
2400_500.out 100000 64688 0.7487037037037036
2400_550.out 100000 412.768 0.004777407407407407
2400_600.out 100000 432.638 0.005007384259259259
2400_650.out 100000 454.644 0.005262083333333334
2400_700.out 100000 477.17 0.005522800925925927
2400_750.out 100000 503.264 0.005824814814814815
2400_800.out 100000 4.15588 4.8100462962962966e-05
2400_850.out 100000 4.25994 4.9304861111111115e-05
2400_900.out 100000 4.3749 5.063541666666666e-05
2400_950.out 100000 4.51645 5.227372685185185e-05
2400_1000.out 100000 4.68621 5.423854166666667e-05
2400_1050.out 100000 4.81938 5.57798611111111e-05
