1200_0.out 100000 627917 7.2675578703703705
1200_50.out 100000 666262 7.711365740740741
1200_100.out 100000 689908 7.9850462962962965
1200_150.out 100000 6974.26 0.08072060185185186
1200_200.out 100000 7273.29 0.08418159722222222
1200_250.out 100000 7484.29 0.08662372685185186
1200_300.out 100000 95.9389 0.0011104039351851852
1200_350.out 100000 99.0638 0.0011465717592592593
1200_400.out 100000 1.82797 2.115706018518519e-05
1200_450.out 100000 1.85618 2.1483564814814816e-05
1200_500.out 100000 1.89041 2.1879745370370367e-05
